black_white_01: 37.84042116409539
black_white_02: 33.788146892149854
black_white_03: 35.84714842607952
black_white_04: 27.652410309542397
black_white_05: 46.79053372439499
highly_textured_01: 26.66258789346479
highly_textured_02: 30.779480183353595
highly_textured_03: 29.85877193778414
highly_textured_04: 26.158653706664058
highly_textured_05: 30.4351108776464
high_contrast_01: 28.50990172644427
high_contrast_02: 23.476691634978586
high_contrast_03: 32.399226851583336
high_contrast_04: 44.43818410355112
high_contrast_05: 24.973845958880357
low_contrast_01: 38.04264135287956
low_contrast_02: 37.92967014725127
low_contrast_03: 45.78774878598195
low_contrast_04: 39.15723282044284
low_contrast_05: 44.247241441076156
monochrome_01: 69.02449502018948
monochrome_02: 42.10612315730393
monochrome_03: 52.33526670694189
monochrome_04: 25.876220278417463
monochrome_05: 40.00116541466066
normal_image_01: 32.32443519384075
normal_image_02: 34.731334973190975
normal_image_03: 32.09063448510832
normal_image_04: 27.339510601872167
normal_image_05: 25.635222951070293
Average: 35.54133529069468