black_white_01: 29.328532361288634
black_white_02: 34.63432253334778
black_white_03: 30.34503509870241
black_white_04: 34.43802345641802
black_white_05: 32.9581770493798
highly_textured_01: 36.372098438385365
highly_textured_02: 35.648902642926956
highly_textured_03: 36.06951003559275
highly_textured_04: 33.206921882442956
highly_textured_05: 34.05116723367115
high_contrast_01: 33.58734464114483
high_contrast_02: 27.779892907003223
high_contrast_03: 31.742988009693434
high_contrast_04: 35.34770288806627
high_contrast_05: 30.89469763416624
low_contrast_01: 31.603418979421907
low_contrast_02: 35.743118587586665
low_contrast_03: 34.60352288814374
low_contrast_04: 30.804308354564935
low_contrast_05: 35.0675782913143
monochrome_01: 28.991613076082523
monochrome_02: 30.235795397634277
monochrome_03: 27.985025559096016
monochrome_04: 28.523826617556768
monochrome_05: 31.76657788632859
normal_image_01: 33.50150449100095
normal_image_02: 33.62429009442373
normal_image_03: 34.991376417893385
normal_image_04: 33.981266856643224
normal_image_05: 32.77925768826822
Average: 32.68692659993963