black_white_01: 55.38587307236392
black_white_02: 77.63818457778466
black_white_03: 0
black_white_04: 46.65004648796085
black_white_05: 73.37802435724822
highly_textured_01: 51.426908236034365
highly_textured_02: 59.1449427116713
highly_textured_03: 58.256255344308
highly_textured_04: 61.43831295673258
highly_textured_05: 0
high_contrast_01: 51.80895924158587
high_contrast_02: 56.36556385009033
high_contrast_03: 68.89773306851393
high_contrast_04: 59.50569543118106
high_contrast_05: 52.5935960210368
low_contrast_01: 0
low_contrast_02: 71.0395069497309
low_contrast_03: 0
low_contrast_04: 65.48686265372288
low_contrast_05: 0
monochrome_01: 75.11831521922956
monochrome_02: 0
monochrome_03: 66.92042399474262
monochrome_04: 0
monochrome_05: 0
normal_image_01: 54.04363335151545
normal_image_02: 57.6338140402039
normal_image_03: 75.68876595464788
normal_image_04: 79.62930148105035
normal_image_05: 53.22553943157645
Average: 45.70920861443106