black_white_01: 55.69463138896401
black_white_02: 74.35648807564962
black_white_03: 0
black_white_04: 46.72095233141937
black_white_05: 74.24222090696367
highly_textured_01: 51.498040107980586
highly_textured_02: 59.59499316160847
highly_textured_03: 58.373328586937525
highly_textured_04: 60.967880552052094
highly_textured_05: 0
high_contrast_01: 51.64070546687788
high_contrast_02: 55.59277770705752
high_contrast_03: 68.73371605366765
high_contrast_04: 59.7121512918647
high_contrast_05: 52.56959299934705
low_contrast_01: 0
low_contrast_02: 70.68287139232385
low_contrast_03: 0
low_contrast_04: 65.50496118372942
low_contrast_05: 0
monochrome_01: 0
monochrome_02: 0
monochrome_03: 0
monochrome_04: 0
monochrome_05: 0
normal_image_01: 53.95808815746841
normal_image_02: 57.58640223861331
normal_image_03: 83.40068209221386
normal_image_04: 79.98557592749594
normal_image_05: 53.34803196435086
Average: 41.138803052886196