black_white_01: 55.483807273659586
black_white_02: 77.63818457778466
black_white_03: 0
black_white_04: 46.72125683061007
black_white_05: 74.24222090696367
highly_textured_01: 51.462245191748536
highly_textured_02: 59.38020636220723
highly_textured_03: 58.257288921971515
highly_textured_04: 60.9678104395313
highly_textured_05: 0
high_contrast_01: 51.5671892697694
high_contrast_02: 55.915644643832
high_contrast_03: 68.71865235097638
high_contrast_04: 59.6853999719956
high_contrast_05: 52.84607728933275
low_contrast_01: 0
low_contrast_02: 70.68287139232385
low_contrast_03: 0
low_contrast_04: 64.58117831370049
low_contrast_05: 0
monochrome_01: 0
monochrome_02: 0
monochrome_03: 0
monochrome_04: 0
monochrome_05: 0
normal_image_01: 53.97144045883593
normal_image_02: 57.60509730428336
normal_image_03: 83.40068209221386
normal_image_04: 79.98557592749594
normal_image_05: 53.27576871222558
Average: 41.21295327438205