black_white_01: 37.66129348291762
black_white_02: 33.76172587269632
black_white_03: 35.710021765650886
black_white_04: 27.65061528311962
black_white_05: 46.51145378970004
highly_textured_01: 26.65970230518923
highly_textured_02: 30.77010996869592
highly_textured_03: 29.84885897661476
highly_textured_04: 26.15311857021397
highly_textured_05: 30.422876429075334
high_contrast_01: 28.501213419657855
high_contrast_02: 23.459252345433235
high_contrast_03: 32.369445644728025
high_contrast_04: 44.177660363382884
high_contrast_05: 24.964347402388626
low_contrast_01: 37.77475683727015
low_contrast_02: 37.8937743058242
low_contrast_03: 45.28845875670012
low_contrast_04: 39.043691157963615
low_contrast_05: 44.054601420756406
monochrome_01: 52.627698002216825
monochrome_02: 41.70171456594996
monochrome_03: 49.2292855178429
monochrome_04: 25.86266300674124
monochrome_05: 39.88401109067143
normal_image_01: 32.31139874747158
normal_image_02: 34.69373550953997
normal_image_03: 32.07122704724582
normal_image_04: 27.330375748595323
normal_image_05: 25.628971197333684
Average: 34.80060195105292