black_white_01: 54.03457951617662
black_white_02: 75.12385598321232
black_white_03: 0
black_white_04: 46.37745142375131
black_white_05: 69.06803161353379
Average: 48.920783707334806