black_white_01: 38.0558531420228
black_white_02: 33.75845070850417
black_white_03: 35.764115210564675
black_white_04: 27.649221092359866
black_white_05: 46.44783922934434
highly_textured_01: 26.6606634962986
highly_textured_02: 30.771180854838516
highly_textured_03: 29.85165534488609
highly_textured_04: 26.15408269235608
highly_textured_05: 30.417429611339468
high_contrast_01: 28.51567381181281
high_contrast_02: 23.4523830954712
high_contrast_03: 32.36332371300681
high_contrast_04: 44.182227682448385
high_contrast_05: 24.96521721791067
low_contrast_01: 37.82614387613586
low_contrast_02: 37.898652538537576
low_contrast_03: 46.304906449502255
low_contrast_04: 39.04891676597678
low_contrast_05: 44.22318472026302
monochrome_01: 52.80711739626363
monochrome_02: 46.18495156692143
monochrome_03: 49.73008538191847
monochrome_04: 25.861376487677482
monochrome_05: 39.88626823989071
normal_image_01: 32.31293842110868
normal_image_02: 34.69823787642144
normal_image_03: 32.07533307371603
normal_image_04: 27.333255344248816
normal_image_05: 25.632361867760537
Average: 35.02776823031691