black_white_01: 39.56727627162249
black_white_02: 33.866904957104744
black_white_03: 35.81002905112427
black_white_04: 29.522417286946094
black_white_05: 47.0734638713549
highly_textured_01: 27.982496514397326
highly_textured_02: 32.2638725467543
highly_textured_03: 31.310611020562746
highly_textured_04: 26.36084408458658
highly_textured_05: 30.635946415290466
high_contrast_01: 29.530876974402403
high_contrast_02: 24.351918974099206
high_contrast_03: 33.25355420162708
high_contrast_04: 44.00272033381145
high_contrast_05: 26.0782967225844
low_contrast_01: 37.83408505504103
low_contrast_02: 38.08870197887511
low_contrast_03: 46.368402103065385
low_contrast_04: 39.79046026082252
low_contrast_05: 44.536006677388286
monochrome_01: 51.37327881381553
monochrome_02: 45.823924338469915
monochrome_03: 49.54264003147415
monochrome_04: 26.051181648862183
monochrome_05: 39.967592767167524
normal_image_01: 33.46175817436326
normal_image_02: 35.499034796548024
normal_image_03: 32.41390454577193
normal_image_04: 27.505377389354415
normal_image_05: 26.441391920229993
Average: 35.54363232425059