black_white_01: 37.704791158903994
black_white_02: 33.76628641552861
black_white_03: 35.72971275630633
black_white_04: 27.651196397192635
black_white_05: 46.49993912348621
highly_textured_01: 26.65960784845945
highly_textured_02: 30.771883958201663
highly_textured_03: 29.851969030124643
highly_textured_04: 26.1541008364912
highly_textured_05: 30.423434704909585
high_contrast_01: 28.50173265672614
high_contrast_02: 23.464448199045535
high_contrast_03: 32.357155561276684
high_contrast_04: 44.29395050515772
high_contrast_05: 24.96751663364546
low_contrast_01: 37.82201593585541
low_contrast_02: 37.899198986312996
low_contrast_03: 45.276480181711946
low_contrast_04: 39.05771778925439
low_contrast_05: 44.069733803493804
monochrome_01: 54.717602037532764
monochrome_02: 41.66174068580542
monochrome_03: 48.122544524068296
monochrome_04: 25.8619245872892
monochrome_05: 39.82447209035668
normal_image_01: 32.31410029791163
normal_image_02: 34.69966713463026
normal_image_03: 32.0792146868032
normal_image_04: 27.33287146407327
normal_image_05: 25.631453380102798
Average: 34.83894877902193