black_white_01: 31.177406384913123
black_white_02: 31.58751476283647
black_white_03: 29.391173246733914
black_white_04: 27.40785631374354
black_white_05: 36.94392904418138
Average: 31.301575950481684