black_white_01: 55.699630990224954
black_white_02: 77.63818457778466
black_white_03: 0
black_white_04: 46.72859218722644
black_white_05: 74.24222090696367
highly_textured_01: 51.46562380313029
highly_textured_02: 59.59206780870278
highly_textured_03: 58.09912517282459
highly_textured_04: 61.02554406938037
highly_textured_05: 0
high_contrast_01: 51.59111506663503
high_contrast_02: 55.620483662676044
high_contrast_03: 68.64533973000621
high_contrast_04: 59.76184428410239
high_contrast_05: 52.68126161387738
low_contrast_01: 0
low_contrast_02: 70.56412511052781
low_contrast_03: 0
low_contrast_04: 65.51633616345154
low_contrast_05: 0
monochrome_01: 0
monochrome_02: 0
monochrome_03: 0
monochrome_04: 0
monochrome_05: 0
normal_image_01: 54.05110844822451
normal_image_02: 57.60981449144517
normal_image_03: 83.40068209221386
normal_image_04: 79.98557592749594
normal_image_05: 53.300097394167736
Average: 41.24062578336871