black_white_01: 37.74207394424897
black_white_02: 33.76000577689273
black_white_03: 35.73040888772137
black_white_04: 27.649727792849497
black_white_05: 46.41235864643792
highly_textured_01: 26.65976053924537
highly_textured_02: 30.77268013208333
highly_textured_03: 29.8527751651457
highly_textured_04: 26.151771971377272
highly_textured_05: 30.420051139771846
high_contrast_01: 28.502955316287938
high_contrast_02: 23.457966394291773
high_contrast_03: 32.364373027456224
high_contrast_04: 44.06359975659168
high_contrast_05: 24.966502408282697
low_contrast_01: 37.868738924269614
low_contrast_02: 37.9007268484274
low_contrast_03: 45.35834911034605
low_contrast_04: 39.013420077895155
low_contrast_05: 43.96414680006262
monochrome_01: 52.49356521577299
monochrome_02: 41.73399450312503
monochrome_03: 49.413177535873714
monochrome_04: 25.8596213052371
monochrome_05: 39.83949164763454
normal_image_01: 32.31199025704602
normal_image_02: 34.69600987828266
normal_image_03: 32.075335831271246
normal_image_04: 27.332383731390877
normal_image_05: 25.630299281599275
Average: 34.799942061563954