black_white_01: 36.39434551028715
black_white_02: 33.537838640543825
black_white_03: 34.69873513311599
black_white_04: 27.62986980151648
black_white_05: 44.186908709655896
highly_textured_01: 26.63543361088619
highly_textured_02: 30.680635250466356
highly_textured_03: 29.780411046477383
highly_textured_04: 26.09668032844319
highly_textured_05: 30.276692259087735
high_contrast_01: 28.42721601891644
high_contrast_02: 23.331474147824558
high_contrast_03: 32.018477909434125
high_contrast_04: 42.21840123265201
high_contrast_05: 24.892527884844636
low_contrast_01: 36.32225976036211
low_contrast_02: 37.598116100699826
low_contrast_03: 42.493260615169746
low_contrast_04: 37.90875068362211
low_contrast_05: 42.29914471299325
monochrome_01: 42.810391103186696
monochrome_02: 39.060639915133414
monochrome_03: 40.9626868344272
monochrome_04: 25.69021948321005
monochrome_05: 38.58325251401026
normal_image_01: 32.17232532832374
normal_image_02: 34.36691381952127
normal_image_03: 31.91335057901611
normal_image_04: 27.267009224129325
normal_image_05: 25.583617301001933
Average: 33.527919515298635