black_white_01: 52.11135306422641
black_white_02: 69.62606201760659
black_white_03: 0
black_white_04: 41.03863728647478
black_white_05: 76.87747470876226
highly_textured_01: 49.74087199410188
highly_textured_02: 81.910814477744
highly_textured_03: 73.76391140942864
highly_textured_04: 65.14538326917136
highly_textured_05: 0
high_contrast_01: 49.7936166070538
high_contrast_02: 55.30678458306127
high_contrast_03: 75.34664839922313
high_contrast_04: 61.54338682852896
high_contrast_05: 57.86048083309237
low_contrast_01: 0
low_contrast_02: 74.83002732165967
low_contrast_03: 0
low_contrast_04: 77.7150198341395
low_contrast_05: 0
monochrome_01: 0
monochrome_02: 0
monochrome_03: 0
monochrome_04: 0
monochrome_05: 0
normal_image_01: 51.95691376840797
normal_image_02: 58.472047103227084
normal_image_03: 71.67779707499669
normal_image_04: 71.81473784152985
normal_image_05: 52.247393827069324
Average: 42.29264540831686