black_white_01: 55.62625926463346
black_white_02: 77.63818457778466
black_white_03: 0
black_white_04: 46.725320956014386
black_white_05: 74.24222090696367
highly_textured_01: 51.49392519987306
highly_textured_02: 59.32072748248149
highly_textured_03: 58.2970360374094
highly_textured_04: 61.02739176814654
highly_textured_05: 0
high_contrast_01: 51.657113158965785
high_contrast_02: 55.65661496217814
high_contrast_03: 69.04381000545447
high_contrast_04: 59.783142291724204
high_contrast_05: 52.83453146037441
low_contrast_01: 0
low_contrast_02: 70.68287139232385
low_contrast_03: 0
low_contrast_04: 65.48686265372288
low_contrast_05: 0
monochrome_01: 0
monochrome_02: 0
monochrome_03: 0
monochrome_04: 0
monochrome_05: 0
normal_image_01: 53.94146097860374
normal_image_02: 57.60597698781889
normal_image_03: 83.40068209221386
normal_image_04: 79.98557592749594
normal_image_05: 53.421786547789544
Average: 41.26238315506575